[property]
output-width=1920
output-height=1080
num-batch-buffers=1

[surface0]
projection-type=3
width=1920
height=1080
focal-length=733.794544888905
distortion=-0.24722336964648503;0.044006264502987336;-0.002934338315866618;0.0021831848845225055;0.007908716511653244
src-x0=818.0152973663113
src-y0=547.6991449063897
