[property]
output-width=1920
output-height=1080
num-batch-buffers=1

[surface0]
projection-type=3
width=1920
height=1080
focal-length=850.7952734188018
distortion=-0.28682921207631595;0.04874650189844607;-0.0012349507043534448;0.0027286998815136626;0.0017932274036175715
src-x0=913.1904186845688
src-y0=530.5915965687002
