[property]
output-width=1920
output-height=1080
num-batch-buffers=1

[surface0]
projection-type=3
width=1920
height=1080
focal-length=898.5018943796064
distortion=-0.3770425593401651;0.11684449990920148;-0.015271451864869754;-0.0022307676030926798;0.0006968131988403026
src-x0=929.7290289297359
src-y0=555.1846021679017
