[property]
output-width=1920
output-height=1080
num-batch-buffers=1

[surface0]
projection-type=3
width=1920
height=1080
focal-length=697.9481742008379
distortion=-0.3261697205079223;0.10785491855314125;-0.0161982865627689;-0.0010420564898393294;-5.542819516618484e-08
src-x0=953.6778429509169
src-y0=546.9643881313126
