[property]
output-width=1920
output-height=1080
num-batch-buffers=1

[surface0]
projection-type=3
width=1920
height=1080
focal-length=692.5039654532234
distortion=-0.31163847261325966;0.09164107678416193;-0.011577163613453586;-0.00013746414260703448;-0.0009633574353943087
src-x0=957.6324809957946
src-y0=547.8750722468532
