[property]
output-width=1920
output-height=1080
num-batch-buffers=1

[surface0]
projection-type=3
width=1920
height=1080
focal-length=743.2935609444069
distortion=-0.25823627323074083;0.04922086081587195;-0.0036454738785821933;0.003542777119323728;0.00036181614339102615
src-x0=933.9755913342927
src-y0=491.9476419097247
